93405 | 1,15 | 93-BIMv-S01
93406 | 0,9 | 93-ES-01
93407 | 1,28 | 93-ES-03
93408 | 1,49 | 93-ES-04
93409 | 1,93 | 93-ES-05
93410 | 1,08 | 93-CS-EA-25-02.S1
93273 | 0,72 | 93-SI-FO-05.S1

93209 | 0 | 93209
93210 | 0 | 93210

93276 | 0 | 93276
93208 | 0 | 93208
93275 | 0,75 | 93275
93274 | 1,17 | 93274

93243 | 0,74 | 93-CO-01-01
93244 | 0,97 | 93-CO-01-03
93245 | 0,15 | 93-CO-01-04
93249 | 0,37 | 93-MC03/24
93259 | 0,52 | 94-1508
93260 | 0,45 | 94-1508
93234 | 0,34 | 93-TE-GO-4-380R
93233 | 0,51 | 94-4602
93236 | 0,35 | 93-TE-FI-1-480B
93235 | 0,7 | 93-TE-S-2-1200
93211 | 0,55 | 93-AL-RP-1-20
93212 | 0,76 | 93-AL-RP-1-24
93213 | 0,61 | 93-AL-MN-1-20
93214 | 0,97 | 93-AL-MN-1-26
93215 | 0,65 | 93-AL-MN-5-24
93216 | 1,6 | 93-FE-13-02
93217 | 1,68 | 93-FE-2-20
93218 | 2,37 | 93-FE-6-25
93261 | 0,4 | 93-CS-EA-2-01.S1
93219 | 0,69 | 93-CS-EA-2-07
93220 | 0,57 | 93-CS-EA-22-03
93221 | 0,7 | 93-CS-EA-22-05
93222 | 0,34 | 93-CS-EA-25-04
93223 | 0,42 | 93-CS-EA-25-06
93224 | 0,32 | 93-CS-EA-3-02
93225 | 0,31 | 93-CS-EA-5-03
93226 | 0,33 | 93-CS-EA-5-12
93227 | 0,53 | 93-CS-EA-5-13
93262 | 0,2 | 93-SI-CU-05.S1
93228 | 0,42 | 93-SI-CU-13
93229 | 0,27 | 93-SI-CU-30
93273 | 0,47 | 93-SI-FO-05.S1
93230 | 0,25 | 93-SI-FO-06
93254 | 0,28 | 93-SI-FO-08
93271 | 0,43 | 93-SI-FO-20.S1
93255 | 0,35 | 93-SI-FO-21
93272 | 0,59 | 93-SI-FO-83.S1
93237 | 0,45 | 93-AC-GR-04
93238 | 0,35 | 93-AC-GR-20
93270 | 0,31 | 93-AC-GR-24.S1
93268 | 0,36 | 93-AC-SL-02.S1
93248 | 0,15 | 93-KN-CO-03
93253 | 0,56 | 93-SI-CU-15.1
93239 | 0,18 | 93-AC-PR-04.1
93240 | 0,26 | 93-AC-PR-23
93247 | 0,25 | 93-DE-AR-16
93246 | 0,35 | 93-DE-AR-11.2
93250 | 0,25 | 93-PP-S5-02
93266 | 0,3 | 93-SS-EA-S-01.S1
93256 | 0,38 | 93-TR-01-04
93257 | 0,6 | 93-TR-01-11
93258 | 0,98 | 93-TR-10-01
93265 | 0,34 | 93-AC-SL-01.S1
93263 | 0,46 | 93-AK2C-S2
93251 | 0,16 | 93-PRO-10-23
93252 | 0,19 | 93-PRO-10-26
93241 | 0,24 | 93-CN-04-01
93242 | 0,26 | 93-CN-04-02
93269 | 0,29 | 93-CN-04-03.S1